<<<<<<< HEAD
4294967279,525
4294967293,131
4294967293,130
4294967293,129
4294967293,128
4294967293,127
4294967293,126
4294967293,125
4294967293,124
4294967293,123
4294967293,122
4294967293,121
4294967293,120
4294967293,119
4294967293,118
4294967293,117
4294967293,116
4294967293,115
4294967293,114
4294967293,113
4294967293,112
4294967293,111
4294967293,110
4294967293,109
4294967293,108
4294967293,107
4294967293,106
4294967293,105
4294967293,104
4294967293,103
4294967293,102
4294967293,101
4294967293,100
4294967293,99
4294967293,98
4294967293,97
4294967293,96
4294967293,95
4294967293,94
4294967293,93
4294967293,92
4294967293,91
4294967293,90
4294967293,89
4294967293,88
4294967293,87
4294967293,86
4294967293,85
4294967293,84
4294967293,83
4294967293,82
4294967293,81
4294967293,80
4294967293,79
4294967293,78
4294967293,77
4294967293,76
4294967293,75
4294967293,74
4294967293,73
4294967293,72
4294967293,71
4294967293,70
4294967293,69
4294967293,68
4294967293,67
4294967293,66
4294967293,65
4294967293,64
4294967293,63
4294967293,62
4294967293,61
4294967293,60
4294967293,59
4294967293,58
4294967293,57
4294967293,56
4294967293,55
4294967293,54
4294967293,53
4294967293,52
4294967293,51
4294967293,50
4294967293,49
4294967293,48
4294967293,47
4294967293,46
4294967293,45
4294967293,44
4294967293,43
4294967293,42
4294967293,41
4294967293,40
4294967293,39
4294967293,38
4294967293,37
4294967293,36
4294967293,35
4294967293,34
4294967293,33
4294967293,32
4294967293,31
4294967293,30
4294967293,29
4294967293,28
4294967293,27
4294967293,26
4294967293,25
4294967293,24
4294967293,23
4294967293,22
4294967293,21
4294967293,20
4294967293,19
4294967293,18
4294967293,17
4294967293,16
4294967293,15
4294967293,14
4294967293,13
4294967293,12
4294967293,11
4294967293,10
4294967293,9
4294967293,8
4294967293,7
4294967293,6
4294967293,5
4294967293,4
4294967293,3
4294967293,2
4243767290,0
4243767289,0
4243767288,0
4243767287,0
4243767286,0
4243767285,0
4243767284,0
4243767283,0
4243767282,0
4243767281,0
4294967293,0
4294967279,85
4294967279,86
4294967279,87
4294967279,333
4294967279,316
4294967279,324
4294967279,202
4294967279,317
4294967279,201
4294967279,203
4294967279,89
4294967279,204
4294967279,90
4294967279,91
4294967279,92
4294967279,523
4294967279,548
4294967279,320
4294967279,205
4294967279,206
4294967279,207
4294967279,208
4294967279,93
4294967279,94
4294967279,95
4294967279,524
4294967279,565
4294967279,96
4294967279,319
4294967279,209
4294967279,549
4294967279,210
4294967279,211
4294967279,97
4294967279,98
4294967279,212
4294967279,99
4294967279,337
4294967279,381
4294967279,512
4294967279,213
4294967279,100
4294967279,214
4294967279,215
4294967279,101
4294967279,349
4294967279,102
4294967279,103
4294967279,382
4294967279,217
4294967279,221
4294967279,224
4294967279,219
4294967279,223
4294967279,104
4294967279,105
4294967279,106
4294967279,362
4294967279,107
4294967279,228
4294967279,230
4294967279,225
4294967279,232
4294967279,227
4294967279,229
4294967279,108
4294967279,109
4294967279,110
4294967279,357
4294967279,231
4294967279,514
4294967279,238
4294967279,111
4294967279,233
4294967279,236
4294967279,235
4294967279,112
4294967279,237
4294967279,113
4294967279,383
4294967279,114
4294967279,115
4294967279,242
4294967279,239
4294967279,244
4294967279,246
4294967279,116
4294967279,241
4294967279,243
4294967279,245
4294967279,117
4294967279,118
4294967279,119
4294967279,515
4294967279,363
4294967279,331
4294967279,247
4294967279,330
4294967279,248
4294967279,120
4294967279,250
4294967279,249
4294967279,518
4294967279,121
4294967279,122
4294967279,123
4294967279,124
4294967279,553
4294967279,519
4294967279,554
4294967279,555
4294967279,345
4294967279,378
4294967279,521
4294967279,334
4294967279,125
4294967279,126
4294967279,128
4294967279,127
4294967279,557
4294967279,566
4294967279,556
4294967279,558
4294967279,366
4294967279,336
4294967279,129
4294967279,516
4294967279,130
4294967279,131
4294967278,278
4294967278,390
4294967279,132
4294967278,4
4294967278,424
4294967278,261
4294967278,5
4294967278,400
4294967278,262
4294967278,285
4294967278,6
4294967278,419
4294967278,7
4294967278,348
4294967278,264
4294967278,8
4294967278,281
4294967278,422
4294967278,301
4294967278,399
4294967278,9
4294967278,412
4294967278,426
4294967278,265
4294967278,10
4294967278,11
4294967278,267
4294967278,12
4294967278,283
4294967278,409
4294967278,406
4294967278,273
4294967278,268
4294967278,270
4294967278,13
4294967278,415
4294967278,269
4294967278,14
4294967278,15
4294967278,438
4294967278,288
4294967278,16
4294967278,302
=======
4294967278,411
4294967279,277
4294967279,72
4294967278,283
4294967278,412
4294967279,354
4294967278,426
4294967278,88
4294967278,351
4294967278,62
4294967278,387
4294967278,48
4294967278,45
4294967278,44
4294967278,39
4294967278,34
4294967278,32
4294967278,30
4294967278,25
4294967279,174
4294967279,2
4294967279,47
4294967279,46
4294967279,41
4294967279,39
4294967279,38
4294967279,32
4294967279,30
4294967279,24
4294967278,399
4294967279,358
4294967278,257
4294967279,558
4294967278,364
4294967279,557
4294967278,379
4294967294,1419
4294967279,330
4294967278,251
4294967279,525
4294967279,515
4294967278,398
4294967279,244
4294967278,238
411,5
411,4
411,3
411,2
411,1
409,4
409,3
409,2
409,1
4294967279,222
4294967294,1417
4294967279,215
408,6
4294967279,512
408,5
4294967278,211
4294967279,211
4294967278,210
408,4
4294967279,210
408,3
408,2
408,1
4294967278,209
4294967278,440
4294967279,548
407,5
4294967279,204
407,4
407,3
407,2
407,1
4294967278,321
4294967294,396
4294967294,420
4294967294,1171
4294967294,401
4294967294,449
4294967294,169
4294967279,333
4294967279,361
406,5
406,4
406,3
406,2
406,1
4294967278,189
405,5
405,4
405,3
405,2
405,1
4294967278,186
4294967278,354
4294967279,325
4294967278,439
403,4
403,3
403,2
403,1
4294967278,310
4294967279,303
4294967279,371
4294967278,370
4294967278,395
4294967279,520
4294967278,309
4294967279,517
4294967278,408
4294967279,343
4294967279,340
4294967279,332
4294967278,378
4294967278,397
4294967278,249
4294967278,413
4294967278,60
4294967278,54
4294967278,53
4294967278,348
4294967279,516
4294967279,363
4294967279,69
4294967279,65
4294967279,64
4294967279,61
4294967279,53
4294967279,37
4294967279,88
4294967279,364
4294967279,294
4294967279,16
4294967279,14
4294967279,11
4294967279,351
4294967279,10
4294967279,353
4294967278,52
4294967278,386
4294967279,327
4294967279,51
4294967279,161
4294967294,10
4294967294,1093
4294967294,1092
4294967294,1090
4294967294,1089
4294967294,1088
4294967294,1015
4294967294,1013
4294967294,1008
4294967294,1007
4294967294,1006
4294967294,1003
4294967294,997
4294967294,995
4294967294,419
4294967294,188
4294967294,179
4294967294,161
4294967278,159
4294967278,158
4294967279,157
4294967279,300
4294967279,151
4294967279,368
4294967279,156
4294967279,34
4294967278,145
4294967279,339
402,5
402,4
402,2
402,1
4294967294,1094
400,4
400,3
400,2
400,1
4294967294,115
4294967278,438
399,6
4294967279,359
4294967278,406
4294967278,409
399,5
4294967279,262
399,4
4294967279,261
399,3
399,2
399,1
4294967294,189
4294967294,464
4294967294,456
4294967279,256
398,5
398,4
4294967278,278
398,3
398,2
398,1
4294967294,162
4294967294,391
4294967294,1014
4294967279,553
397,5
397,4
397,3
397,2
397,1
4294967279,331
396,5
4294967279,243
396,4
396,3
396,2
396,1
4294967279,383
4294967279,239
4294967278,377
4294967279,513
4294967278,236
4294967279,233
4294967278,232
4294967279,231
4294967278,230
4294967278,228
4294967278,224
4294967279,223
394,4
4294967279,221
394,3
394,2
394,1
4294967279,382
4294967278,219
4294967278,217
4294967279,381
4294967278,437
4294967278,360
4294967279,337
4294967278,376
4294967279,549
4294967278,325
4294967279,259
4294967278,324
4294967279,318
4294967279,565
4294967278,421
4294967278,207
4294967278,206
4294967278,205
4294967279,317
4294967294,1010
4294967294,1005
4294967294,528
4294967294,173
4294967294,170
4294967294,163
4294967278,203
4294967279,203
4294967278,202
4294967279,202
4294967278,201
4294967279,201
4294967278,200
4294967279,348
4294967278,385
4294967279,198
4294967278,197
4294967278,196
4294967278,195
4294967279,195
4294967278,191
4294967279,191
4294967278,188
4294967279,188
4294967278,187
4294967278,374
4294967279,563
4294967279,183
4294967278,182
4294967279,182
4294967279,181
4294967278,371
4294967278,178
4294967279,177
4294967278,312
4294967279,176
4294967279,535
4294967279,173
4294967278,172
393,5
393,4
4294967279,171
393,2
393,1
4294967279,561
4294967278,404
4294967279,167
4294967294,386
4294967278,166
4294967278,165
4294967278,164
391,4
391,3
391,2
391,1
4294967279,380
4294967294,1418
4294967294,400
4294967294,1416
4294967294,178
4294967294,398
4294967294,415
4294967294,183
4294967294,118
4294967294,184
4294967294,450
4294967294,417
4294967294,109
4294967279,160
4294967278,161
4294967278,160
390,6
4294967278,157
4294967278,425
390,5
4294967279,155
390,4
390,3
390,2
390,1
389,5
4294967278,149
389,4
4294967278,148
389,3
389,2
389,1
4294967278,366
4294967279,146
4294967279,342
4294967294,114
4294967278,305
4294967278,292
4294967279,379
4294967279,539
4294967278,141
4294967278,138
388,5
388,4
388,3
388,2
388,1
4294967279,137
4294967278,137
4294967278,134
4294967279,285
4294967278,416
4294967278,401
387,5
387,4
387,3
387,2
387,1
4294967278,286
4294967278,273
4294967278,269
4294967294,99
4294967294,76
385,4
4294967294,999
4294967294,1000
4294967294,185
385,3
385,2
385,1
4294967279,274
4294967278,400
4294967294,393
4294967294,389
4294967278,424
4294967279,281
4294967294,469
4294967278,334
4294967294,40
4294967294,41
4294967294,38
4294967294,37
4294967279,524
4294967278,333
4294967294,107
4294967294,90
4294967294,86
4294967294,85
4294967279,523
4294967294,45
4294967294,426
4294967279,522
4294967294,9
4294967279,366
4294967294,436
4294967294,43
4294967294,416
4294967294,52
4294967294,92
4294967294,88
4294967294,82
4294967278,393
4294967279,378
4294967278,132
4294967278,131
4294967278,130
4294967278,129
4294967278,128
4294967278,127
4294967278,126
4294967278,125
4294967278,124
4294967278,123
4294967278,122
4294967278,121
4294967278,120
4294967278,119
4294967278,118
4294967278,117
4294967278,116
4294967278,115
4294967278,114
4294967278,113
4294967278,112
4294967278,111
>>>>>>> origin/main
